-3.113040	-10.509727	0.000000
-10.554176	-9.329482	3.000000
4.538721	-11.580075	4.000000
3.299054	-9.450422	4.000000
-7.564446	-8.183860	3.000000
-9.304728	-6.721865	3.000000
-8.180809	-7.461031	3.000000
-7.538356	-0.971947	1.000000
-9.256485	-5.991508	3.000000
1.751958	-10.986177	4.000000
3.597718	-7.723147	4.000000
-8.549498	-6.698619	3.000000
5.557605	-10.489413	4.000000
-5.596321	-9.254185	0.000000
-5.932385	-0.635727	1.000000
-4.132704	-11.613491	0.000000
4.457339	-10.448778	4.000000
-5.484768	-10.077816	0.000000
2.484843	-9.229005	4.000000
-5.810188	0.844438	1.000000
-9.640195	-8.554128	3.000000	
2.825680	-10.830569	4.000000	
3.425731	-10.194182	4.000000	
-8.740946	-8.196643	3.000000	
-4.141651	-8.202034	0.000000	
-11.470164	-8.357445	3.000000	
-6.403483	-1.181408	1.000000	
-4.143562	-0.761767	1.000000	
-5.096926	0.471988	1.000000	
-4.119569	-10.489709	0.000000	
5.667883	-8.998203	2.000000	
3.181603	-10.455373	2.000000	
4.089724	-9.732421	4.000000	
-5.338518	-8.145281	0.000000	
4.221219	-8.922183	2.000000	
-11.478990	-5.829322	3.000000	
-9.401510	-7.849818	3.000000	
-11.800695	-7.116537	3.000000	
-6.410221	-8.621414	0.000000	
-9.688008	-7.201340	3.000000	
-7.223746	1.409847	1.000000	
4.899618	-9.331533	2.000000	
4.936833	-7.297122	2.000000	
3.443630	-7.277078	2.000000	
1.442994	-9.525006	4.000000	
4.070835	-9.826820	2.000000	
2.113593	-8.188939	4.000000	
-4.766630	-9.024158	0.000000	
-4.121717	0.308611	1.000000	
-5.788186	-10.818130	0.000000	
-5.898870	0.052836	1.000000	
-5.965000	1.738555	1.000000	
-5.699553	-2.046366	1.000000	
3.733528	-10.941639	4.000000	
-4.694229	1.445041	1.000000	
3.064571	-11.844120	4.000000	
-6.332933	-9.940277	0.000000	
-6.770751	-0.277648	1.000000	
-8.231939	-5.826682	3.000000	
-5.492642	-11.870908	0.000000	
3.477991	-8.436060	2.000000	
-9.981643	-6.390799	3.000000	
-6.638115	0.550348	1.000000	
-7.377978	-6.676442	3.000000	
-4.439236	-1.841394	1.000000	
4.218196	-8.018298	2.000000	
5.477445	-10.943357	2.000000	
-5.089873	-0.328771	1.000000	
3.364059	-9.308658	2.000000	
-4.925006	-10.843063	0.000000	
-10.913095	-7.536074	3.000000	
5.024049	-8.393985	2.000000	
-8.379440	-9.074382	3.000000	
2.501656	-10.058831	4.000000	
-5.276275	-1.157425	1.000000	
-6.867594	-2.031343	1.000000	
2.382157	-9.627109	2.000000	
4.138702	-11.003065	2.000000	
4.895086	-10.140174	2.000000	
-10.345376	-7.109397	3.000000	
-7.304489	-9.663228	0.000000	
-9.235332	-5.060592	2.993789	
-10.468532	-8.336144	3.000000	
-10.307149	-5.491481	3.000000	
-10.809614	-6.542386	3.000000	
4.033564	-8.876061	4.000000	
-8.944167	-7.382934	3.000000	
-9.330476	-9.371150	3.000000	
5.038252	-9.431249	4.000000	
-4.021338	-9.534163	0.000000	
-3.134434	-9.148903	0.000000	
-10.058347	-7.777850	3.000000	
-4.806921	-9.894792	0.000000	
-7.769410	0.214538	1.000000	
-6.765961	-11.147908	0.000000	
2.491212	-8.345945	2.000000	
6.295090	-8.110573	2.003711	
3.117975	-8.594993	4.000000	
4.926198	-8.276242	4.000000	
6.080101	-9.870243	2.000000	
